2281572
1994721
2291734
2285175
2282862
2286269
1988849
1984721
2291262
2025172
2287270
2280878
2310905
2291787
2310904
2312005
2280919
2293167
1992021
2310823
2050865
2291904
2312052
2312251
2290618
1997604
2282933
2308409
2310471
2021447
2286258
2295155
2307357
2310479
2312858
2061737
2310158
1957229
1984812
2307552
2295317
2311287
2292723
1991982
2051666
2311249
2283695
2019278
2018147
2286284
2307705
2280785
2282961
2282642
2308439
2282566
2307504
1984821
2312747
2309127
2061727
2308876
2312706
2310045
2280978
2281824
2285392
2018229
2309441
2311576
2290314
2291124
2282990
2286118
2050909
2287287
2021428
2309319
2021425
1713392
2307579
2310499
2282826
2309112
2310013
1991966
2308543
2307971
2168287
2016877
2290440
1738559
2309672
2290248
14843
2292268