2281572
2274082
2285175
2268999
2282862
2264113
2265685
2286269
2274841
2249007
2279736
2271578
2280878
2287270
2274088
2280919
1366856
2272782
2265417
2290618
2235945
2282933
2269978
2266942
2265215
2266583
2269179
2266101
2265454
2286258
2274830
2274637
2265690
2268082
2273945
2272538
2280824
2279443
1368626
2271201
2279688
2283695
2275708
2286284
2280785
2263686
2282566
2273257
2271032
2274547
2281307
2281824
2280978
2285392
2266908
2271235
2279558
1661008
2282990
2286118
2263974
2269919
2281185
2282590
2267418
2287287
2273048
2273764
2271500
2274612
2269152
2275629
2290440
2290248
2272155