2305708
2307323
2297200
2306237
2298255
2306232
2297560
2296511
2297172
2308409
2304720
2306867
2298149
2298544
2305130
2304167
2295317
2298825
2298549
2305328
2304754
2308439
2304758
2298831
2296895
2306257
2296496
2298433
2297102
2298672
2297340
2298717
2296779
2298712
2296896
2298678
2296534
2243426
2305714
2305832
2307335
2298685
2307579
2299254
2308543
2307971
2296947
2298606
2296823
2298605
2298726
2298208
2298724
2301026
2298690
2297082
2297080
2301149
2305221
2296430
2298730
2299148
2297124
2298572
2306790
2296799
2296954
2296555
2296710
2298337
2298501
2298622
2296444
2307357
2298464
2299155
2304243
2298508
2298506
2298504
2296721
2307705
2298470
2301206
2298633
2298599
2298477
2298476
2298517
2298879
2298636
2304304
2299171
2298523
2297157
2306721
2296461
2298524